4294967278,63
4294967279,62
4294967279,231
4294967278,61
374,6
4294967294,118
396,6
396,5
396,4
396,3
396,2
396,1
4294967294,473
395,6
395,5
395,4
395,3
395,2
395,1
374,7
374,0
4294967294,472
4294967279,267
4294967278,403
4294967278,428
4294967279,268
4294967278,170
4294967278,169
4294967279,164
4294967279,327
4294967278,162
4294967279,159
4294967278,158
4294967278,157
4294967278,153
394,5
4294967279,149
4294967278,149
4294967279,148
394,4
4294967278,148
394,3
394,2
394,1
4294967278,143
393,7
4294967278,139
4294967294,119
4294967294,459
4294967294,197
4294967279,138
4294967278,138
4294967278,135
393,6
393,5
393,4
393,3
393,2
393,1
4294967279,554
4294967278,268
4294967279,263
4294967278,267
4294967278,264
4294967279,257
4294967278,285
4294967279,256
4294967279,519
4294967279,520
390,6
4294967278,329
4294967279,338
4294967278,328
4294967279,513
4294967294,120
4294967278,327
4294967278,406
390,5
4294967278,250
390,4
390,3
390,2
390,1
4294967278,381
4294967279,241
4294967279,239
4294967278,236
4294967278,234
4294967279,233
4294967278,377
388,6
388,5
4294967279,223
388,4
388,3
388,2
388,1
4294967279,221
4294967279,315
4294967279,213
4294967279,208
4294967279,205
4294967279,527
385,8
4294967278,376
385,7
385,6
385,5
385,4
385,3
385,2
385,1
4294967279,362
4294967278,307
4294967278,348
4294967278,167
4294967294,1043
4294967294,404
4294967294,386
4294967294,416
381,6
4294967278,298
4294967279,152
381,5
381,4
381,3
381,2
381,1
4294967279,535
4294967294,1418
4294967279,361
4294967279,521
4294967279,517
379,5
379,4
379,3
379,2
379,1
4294967278,133
377,4
377,3
377,2
377,1
376,6
376,5
376,4
376,3
376,2
376,1
375,5
375,4
375,3
375,2
375,1
4294967279,321
374,5
374,4
374,3
374,2
374,1
373,5
373,4
373,3
373,2
373,1
4294967294,1040
371,4
371,3
371,2
371,1
4294967279,215
4294967294,465
4294967294,466
4294967279,200
4294967279,199
4294967278,426
4294967278,370
4294967278,369
4294967278,368
4294967279,222
4294967279,194
4294967278,189
4294967279,189
4294967278,188
4294967279,188
4294967279,187
370,5
370,4
370,3
370,2
370,1
4294967278,168
4294967279,531
4294967278,374
369,7
369,6
369,5
369,4
369,3
369,2
369,1
4294967278,373
4294967278,277
4294967278,134
366,6
4294967294,421
366,5
366,4
366,3
366,2
366,1
4294967278,423
4294967278,346
4294967278,257
364,6
364,5
364,4
364,3
364,2
364,1
4294967279,325
4294967294,46
4294967294,396
4294967294,385
4294967294,453
4294967294,164
4294967294,405
4294967294,411
4294967294,412
361,8
4294967278,336
361,7
361,6
361,5
361,4
361,2
361,1
4294967278,315
4294967279,195
4294967294,22
4294967279,186
4294967278,417
357,6
0,5
357,5
357,4
357,3
357,2
357,1
4294967294,1044
4294967279,341
4294967279,309
4294967278,163
4294967279,161
355,6
355,5
355,4
355,2
355,1
4294967278,421
4294967278,363
4294967278,142
4294967294,470
4294967279,141
352,4
352,3
352,2
352,1
4294967278,290
351,6
4294967294,414
351,5
351,4
351,3
351,2
351,1
4294967278,424
4294967278,367
350,5
350,4
350,3
350,2
350,1
4294967279,522
4294967279,255
4294967278,261
349,5
349,4
349,3
349,2
349,1
4294967279,322
4294967278,331
4294967279,305
348,5
348,4
348,3
348,2
348,1
4294967278,422
4294967278,404
4294967279,247
346,4
346,3
346,2
346,1
0,7
4294967278,399
4294967278,323
4294967279,273
4294967294,1078
4294967294,1049
4294967294,419
4294967294,9
4294967278,350
4294967278,321
4294967278,385
4294967278,221
4294967278,378
4294967278,313
4294967278,420
4294967278,340
4294967278,401
4294967278,400
4294967278,398
4294967278,263
4294967279,360
4294967279,240
4294967279,358
4294967278,366
4294967279,295
4294967279,551
4294967279,528
4294967279,204
4294967279,201
4294967278,198
4294967279,198
4294967278,197
4294967279,196
4294967279,193
4294967278,191
4294967278,190
4294967294,1041
4294967294,398
4294967294,183
4294967294,191
4294967294,457
4294967279,336
4294967278,183
345,5
345,4
345,3
345,2
345,1
4294967278,306
4294967278,419
344,7
4294967279,0
4294967279,566
4294967278,166
344,6
344,5
344,4
344,3
344,2
344,1
4294967279,340
4294967278,164
4294967279,564
4294967279,304
4294967279,160
4294967278,159
4294967278,299
4294967279,154
4294967278,152
4294967278,151
4294967278,295
4294967294,2
341,6
4294967279,526
4294967279,303
4294967278,361
4294967279,287
4294967278,291
4294967279,133
341,5
341,4
341,3
341,2
341,1
4294967279,271
4294967294,1032
4294967294,186
4294967279,270
4294967278,287
4294967279,524
4294967278,272
4294967279,275
339,6
339,5
339,4
339,3
339,2
339,1
4294967294,17
4294967294,5
4294967294,96
4294967294,94
4294967294,67
4294967294,0
4294967279,254
4294967278,360
4294967294,93
4294967294,95
4294967294,91
4294967294,87
4294967279,348
4294967279,516
4294967294,28
4294967294,27
4294967278,326
4294967294,45
4294967294,427
4294967294,44
4294967294,1048
4294967294,26
4294967294,25
4294967294,83
4294967279,250
4294967294,82
4294967278,253
4294967279,260
336,8
4294967279,228
4294967294,84
336,7
336,6
336,5
336,4
336,2
336,1
4294967278,408
4294967279,220
4294967294,43
4294967278,216
4294967294,7
4294967278,380
4294967278,356
4294967278,2
4294967278,316
4294967279,307
4294967279,355
332,6
4294967294,113
4294967279,299
4294967279,182
332,5
332,4
4294967294,437
332,3
332,2
332,1
4294967278,179
4294967278,371
4294967278,418
4294967279,170
330,6
330,5
330,4
330,2
330,1
4294967279,293
4294967278,354
4294967278,338
4294967294,194
4294967294,1045
4294967294,1038
4294967278,155
4294967279,153
4294967279,151
327,4
327,3
327,2
327,1
326,6
326,5
326,4
326,3
326,2
326,1
4294967278,300
4294967279,281
325,5
4294967278,136
325,4
325,3
325,2
325,1
4294967278,351
324,5
324,4
324,3
324,2
324,1
4294967278,281
4294967294,409
4294967294,180
4294967294,397
323,5
323,4
323,3
323,2
323,1
4294967278,388
4294967278,349
4294967279,514
321,4
321,3
321,2
321,1
4294967279,328
4294967294,196
4294967278,389
4294967294,30
4294967294,1070
4294967294,1069
4294967294,1067
4294967294,1066
4294967294,1061
4294967294,1050
4294967294,436
4294967294,158
4294967294,157
4294967294,156
4294967294,155
4294967294,60
4294967278,224
4294967278,213
4294967279,101
4294967279,99
4294967279,98
4294967279,94
4294967279,92
4294967279,90
4294967279,82
4294967279,80
4294967279,79
4294967279,97
4294967278,372
4294967279,96
4294967279,95
4294967279,93
4294967279,312
4294967294,12
4294967278,201
4294967279,77
4294967279,78
320,5
320,4
320,3
320,2
320,1
4294967279,298
4294967278,184
319,7
4294967279,180
319,6
319,5
319,4
319,3
319,2
319,1
4294967279,575
4294967279,574
4294967278,397
4294967278,154
4294967279,291
4294967279,544
316,6
4294967294,1076
4294967294,1047
4294967294,167
4294967294,169
4294967279,294
316,5
316,4
316,3
316,2
316,1
4294967279,285
4294967278,275
4294967279,284
4294967278,288
4294967279,283
4294967278,274
314,6
314,5
314,4
314,3
314,2
314,1
4294967278,271
4294967278,343
4294967279,331
4294967278,265
4294967278,337
311,8
4294967279,251
4294967279,243
311,7
4294967278,242
311,6
311,5
311,4
311,2
311,1
4294967278,223
4294967278,396
4294967279,290
4294967278,235
4294967278,219
4294967279,103
4294967279,289
4294967279,102
4294967278,212
4294967279,100
4294967278,211
4294967279,211
4294967278,210
4294967278,322
4294967279,91
4294967278,205
4294967279,86
4294967279,89
4294967279,87
4294967279,353
4294967278,199
307,6
4294967279,85
4294967279,333
4294967279,84
